100,2
1004,1
1006,1
1013,2
1021,2
1046,2
1050,1
1055,1
1057,3
1058,2
1061,3
1063,1
1068,2
1074,2
1081,1
1084,2
109,1
1095,2
1099,1
1105,1
1126,1
113,1
1133,3
1141,2
1148,1
1149,2
1159,1
1161,2
1162,2
1169,2
1170,2
1204,1
1206,2
1214,3
1215,2
1216,2
1218,1
122,3
1228,2
123,3
1232,3
1237,2
1240,1
1245,2
1254,3
1259,3
1269,2
1273,1
1279,1
128,2
1281,2
1290,3
1294,1
1297,2
1298,1
1304,1
1316,3
1323,1
1324,3
1326,1
1330,2
1340,1
1341,2
1345,1
1356,2
1366,2
1369,2
1371,2
1374,2
1375,1
1394,2
14,2
1401,2
1402,1
1407,1
1417,2
142,2
1426,1
1428,2
1432,1
1443,2
1444,2
1449,1
1453,2
1454,1
1457,2
1466,2
1467,3
1469,2
1475,1
1476,1
1486,3
1490,2
1497,1
1500,2
1502,1
1507,1
1524,3
1539,3
1554,2
1562,2
1565,2
1575,1
1576,2
1578,3
1591,2
1596,3
1600,1
1602,2
1625,2
164,2
1652,3
1667,3
1668,2
1673,2
1676,1
168,2
1684,2
1685,2
1686,1
169,3
1694,2
1695,3
1701,1
1703,3
1708,1
1714,2
1718,2
1735,1
1738,1
1763,2
1768,2
1771,2
1772,1
1773,2
1778,2
1787,3
1796,3
1798,1
1801,2
1809,1
181,1
1810,1
1823,1
1843,3
1844,1
1857,2
1860,2
1861,3
1865,2
1868,3
1869,2
187,1
1874,2
189,1
1894,1
1895,2
1900,2
1904,1
1910,3
1911,2
1912,1
1916,1
1918,1
1921,2
1922,2
1931,2
1932,2
1933,2
1936,2
1937,2
1939,1
1940,1
1947,3
195,2
1952,1
1957,3
1976,2
1978,1
1990,1
1991,2
1997,2
1998,2
2017,1
2022,1
2023,2
2026,2
2037,3
204,1
2040,2
2053,1
2060,2
2061,2
2065,1
2075,2
21,2
2112,2
2118,1
213,2
2131,1
214,3
2143,2
2150,2
2152,1
216,2
2163,2
2165,1
2199,2
2209,1
223,2
2230,1
2235,2
2289,2
229,1
230,2
231,2
2346,1
2351,1
2394,1
2427,1
2438,2
2461,1
2465,2
248,1
2488,2
2521,1
2526,1
253,1
255,3
2554,1
256,1
2579,2
2585,2
26,2
2638,1
266,1
2661,1
2663,1
267,1
269,2
2696,1
2700,1
2718,1
273,2
276,2
277,2
280,1
2800,1
2827,1
2841,1
2855,1
2863,1
2866,1
288,1
2932,1
298,1
3,3
3010,1
3014,1
3016,1
3029,1
3051,1
3069,1
310,2
3108,1
3112,1
3116,1
3119,1
3135,1
3137,1
314,1
3146,1
3165,1
319,1
3198,1
3229,1
3238,1
3244,1
3258,1
3294,1
332,2
3328,1
3376,1
3384,1
341,1
343,2
3448,1
3476,1
3485,1
349,1
35,1
350,2
3502,1
352,2
3564,1
3567,1
3570,1
358,2
3597,1
3599,1
3611,1
3620,1
3639,1
3681,1
3701,1
371,2
3754,1
3796,1
38,1
3807,1
3808,1
381,1
3827,1
385,3
3852,1
3868,1
3897,1
3899,1
3922,1
394,1
3951,1
398,2
3981,1
4,2
4003,1
4022,1
4026,1
4047,1
4063,1
4072,1
409,1
4093,1
411,2
4126,1
4139,1
4153,1
4154,1
417,3
4196,1
4208,1
4216,1
4231,1
4238,1
4293,1
435,2
438,2
439,1
4402,1
4418,1
445,2
4462,1
4464,1
4466,1
447,2
453,1
4565,1
457,3
460,2
462,1
4624,1
4658,1
4661,1
4666,1
4682,1
4698,1
4712,1
479,2
4796,1
4800,1
483,2
4845,1
4852,1
486,1
487,3
4886,1
4907,1
491,1
4915,1
4924,1
493,1
4938,1
4946,1
4956,1
4977,1
4978,1
5001,1
5006,1
503,1
5031,1
5062,1
51,2
5152,1
5157,1
521,1
5216,1
5229,1
5247,1
5266,1
5278,1
5297,1
5300,1
5303,1
535,2
5355,1
536,2
5364,1
5365,1
5382,1
540,1
541,2
5412,1
5459,1
5476,1
5488,1
5493,1
5498,1
5503,1
5529,1
553,2
5560,1
5570,1
5573,1
5593,1
5640,1
5659,1
5662,1
5663,1
5677,1
568,2
5686,1
5697,1
5707,1
571,3
5712,1
5718,1
5745,1
5750,1
580,3
5805,1
5807,1
5822,1
5831,1
5873,1
5894,1
590,2
5960,1
5966,1
5990,1
5997,1
6008,1
6016,1
603,2
604,1
6043,1
605,2
6056,1
6063,1
6073,1
608,2
6082,1
6093,1
6099,1
6102,1
6159,1
616,1
617,1
622,2
6272,1
629,2
63,2
630,2
6336,1
6339,1
6345,1
638,2
6399,1
642,2
6440,1
6455,1
6491,1
6502,1
6517,1
6580,1
6600,1
6602,1
6613,1
6616,1
6636,1
6637,1
6646,1
6647,1
6651,1
6655,1
666,2
6676,1
673,2
6730,1
6762,1
677,2
6779,1
678,2
6781,1
685,1
6853,1
6866,1
6898,1
691,2
6914,1
6928,1
6939,1
694,1
6969,1
6970,1
6978,1
6984,1
6986,1
7013,1
7022,1
7052,1
706,2
707,3
7089,1
7096,1
710,2
7131,1
717,2
7170,1
7184,1
7202,1
728,2
7292,1
73,3
7305,1
733,3
7355,1
7382,1
7383,1
7402,1
7405,1
7438,1
7449,1
7466,1
7497,1
750,2
7510,1
7512,1
7513,1
7517,1
753,3
754,1
755,2
7580,1
7592,1
760,2
761,3
7641,1
7647,1
7651,1
767,2
771,2
7718,1
7723,1
775,2
7770,1
7771,1
7775,1
7781,1
7794,1
78,1
788,1
796,2
800,2
801,2
802,1
804,1
822,2
838,1
843,1
844,2
853,1
863,1
876,2
878,3
896,1
898,2
901,2
91,2
912,2
918,2
922,3
923,1
925,2
932,2
934,2
941,3
942,2
946,3
963,2
964,3
967,3
97,3
973,2
978,2
984,1
986,2
996,2
998,3
1011,2
1012,2
1015,1
1022,2
1029,1
1030,1
1031,2
1032,3
1033,2
1035,2
1038,2
1040,2
1048,2
1049,1
1052,1
1053,1
106,2
1064,2
1065,1
1067,2
1069,1
1072,2
1080,3
1089,1
1090,2
1091,3
1096,1
1102,1
111,1
1111,2
1114,2
1131,1
1138,1
114,3
1142,2
1143,2
1147,1
115,3
1152,2
1153,2
116,1
1175,2
1176,2
1177,2
1178,1
1179,2
118,2
1180,2
1186,2
119,2
1190,1
1191,1
1195,1
1196,1
1199,1
120,2
1202,1
1208,2
1209,1
1213,2
1222,1
1230,2
1234,2
1239,2
124,2
1241,1
1246,1
1249,1
1261,1
1263,3
1264,1
1265,1
1266,2
1268,1
127,3
1271,1
1276,2
1277,2
1286,1
1295,2
1296,2
13,1
1301,1
1307,3
1310,3
1313,3
1319,2
132,1
1322,2
1325,1
1332,1
1335,2
1336,1
1337,1
1338,3
134,1
1344,2
1346,1
1350,1
1351,1
1352,3
136,1
1360,2
1361,3
1365,1
1367,1
1368,2
1373,1
1381,2
1388,1
139,3
1396,1
1397,3
1400,1
1404,1
1409,3
1410,1
1416,2
1427,2
1429,1
1430,1
1431,1
1437,1
1441,3
1445,1
1450,3
1455,3
1458,2
1468,1
1473,2
148,2
1481,3
1482,1
1484,2
1485,1
1487,1
1489,3
1491,2
1496,2
1498,1
1499,2
1508,1
1509,1
1511,2
1512,2
1514,2
1517,1
152,3
1525,2
153,3
1530,2
1533,3
1535,1
154,2
1541,2
1548,1
1550,1
1553,1
1555,2
1557,2
1558,2
1559,1
1560,1
1561,1
1563,2
1564,3
1566,2
1571,1
1574,2
1584,2
1589,2
159,3
1593,1
1604,1
1605,1
161,1
1614,2
1615,1
1616,2
1617,2
1618,2
162,2
1623,1
1626,2
1628,3
1630,1
1631,1
1633,1
1634,1
1637,1
1638,3
1646,2
1649,2
1659,1
166,2
1660,2
1661,2
1662,2
1665,3
1666,3
1671,1
1679,2
1688,2
1689,3
1691,1
1692,1
1696,1
1698,1
1699,3
1707,1
1709,2
171,2
1710,3
1712,1
1719,1
1722,3
1724,2
1726,1
1727,1
1731,2
1736,1
1737,3
1739,3
174,2
1741,2
1742,2
1743,3
1745,2
1746,2
1748,1
1753,1
1755,1
1756,2
1761,1
1762,2
1765,3
1767,1
1776,1
1780,2
1782,1
1794,2
180,2
1800,2
1811,3
1812,1
1815,1
182,3
1820,3
1822,2
1826,3
1827,3
1834,2
1838,3
1840,1
1841,2
1842,2
1846,2
1852,2
1858,2
1859,1
1864,2
1867,2
1870,2
1876,1
1877,3
1882,1
1887,2
1891,2
1893,1
1899,1
1907,2
1908,1
191,2
1915,2
192,3
1920,2
1925,2
1927,2
1930,1
1934,2
194,2
1944,3
1948,1
1954,1
1956,3
1958,3
1959,1
196,2
1962,2
1968,3
1970,3
1973,2
1975,3
1984,2
1987,1
199,2
1999,1
2,2
20,1
200,2
2001,3
2003,2
2006,3
201,3
2011,2
2012,3
2014,3
2016,2
2018,1
202,1
2020,3
2021,2
2028,1
2029,2
2031,2
2034,2
2035,1
2036,2
2041,1
2045,1
2049,2
205,2
2050,2
2051,2
2056,2
2069,2
2072,1
2074,2
2076,1
208,1
2080,2
209,2
2090,1
2092,1
2093,2
2104,2
2106,1
2109,2
2113,1
2114,1
2117,1
2120,2
2121,1
2123,2
2126,1
2128,1
2133,1
2138,2
2140,2
2142,1
2148,1
2149,2
215,2
2153,1
2158,1
2161,1
2166,1
2169,1
2172,2
2177,1
2179,1
2182,2
2184,1
2188,1
2191,2
2195,1
22,1
220,3
2201,2
2202,1
2203,1
2207,1
2213,1
2217,1
2220,1
2225,2
2233,2
2239,1
224,1
2240,1
2241,2
2242,1
2243,1
2245,1
2249,1
2253,1
2256,1
2257,1
2263,1
2268,2
2270,1
2273,2
228,2
2282,1
2286,1
2292,2
2301,1
2305,1
2307,2
2309,2
2310,1
2313,1
2317,1
232,2
2325,1
2330,1
2334,2
2337,1
2339,1
2345,2
2348,2
2355,1
2356,2
2359,2
2363,1
2367,1
2368,1
2369,2
2370,1
2371,1
2372,1
2373,1
2375,2
2379,2
2388,2
2389,1
239,1
2390,2
2393,2
2395,1
2398,1
24,1
2404,1
2411,2
2412,1
2416,1
242,1
2422,1
2423,2
2429,2
2431,1
2432,1
2435,1
2439,1
244,2
2443,2
2444,1
2449,1
245,2
2450,2
2451,2
2452,2
2454,1
2459,1
246,1
2467,2
2468,2
247,2
2471,1
2473,1
2476,2
2477,2
2482,1
2483,2
2484,1
2485,2
2486,2
2489,1
2493,2
2495,1
2496,1
2499,1
250,3
2506,1
251,1
2515,2
2518,2
252,1
2522,1
2532,1
2533,1
2535,2
254,3
2544,2
2564,1
2568,1
2569,1
2584,1
2587,1
259,1
2593,2
2594,1
2596,1
260,2
2600,1
2601,1
2603,2
261,2
2612,2
2613,1
2615,1
2618,2
2646,1
2658,1
2660,1
268,3
2708,1
2726,1
275,3
2751,1
2799,1
281,3
283,3
2871,1
2879,1
289,2
2895,1
291,3
294,1
2950,1
2957,1
296,2
2965,1
297,2
2974,1
3006,1
3023,1
303,2
304,1
3053,1
306,2
3083,1
3099,1
31,1
311,1
3113,1
315,2
316,2
3166,1
3185,1
320,2
3218,1
322,2
3227,1
3256,1
3268,1
3276,1
329,3
330,1
331,1
335,2
3369,1
337,1
339,2
3412,1
342,1
3437,1
348,1
3510,1
356,1
357,2
362,1
365,2
366,3
3667,1
367,2
369,3
3698,1
370,2
3733,1
376,1
379,2
380,2
382,1
3873,1
388,1
3885,1
3898,1
39,2
390,1
395,3
3975,1
3995,1
40,1
403,2
4109,1
412,2
414,2
419,1
4203,1
4211,1
422,2
423,3
425,2
428,1
4282,1
43,1
4313,1
433,2
4381,1
441,1
4446,1
4463,1
450,3
452,2
455,2
4596,1
4606,1
463,2
465,2
4679,1
469,1
470,3
4719,1
475,1
478,1
4787,1
4795,1
480,2
481,2
4839,1
484,1
488,2
490,3
492,2
4936,1
4942,1
4951,1
4964,1
497,2
4998,1
501,3
5071,1
509,1
5109,1
5130,1
516,2
5178,1
518,2
5181,1
519,2
520,2
5200,1
524,1
525,2
529,1
533,1
534,2
537,2
54,2
5417,1
542,2
5441,1
547,1
55,2
5533,1
557,3
558,3
559,2
560,1
562,1
564,1
5667,1
573,2
5733,1
5755,1
5760,1
579,1
584,1
586,2
5862,1
587,2
5874,1
588,2
59,2
5910,1
593,2
5942,1
5947,1
595,1
5959,1
5969,1
5985,1
6,2
60,2
600,1
601,2
6024,1
6026,1
6036,1
6040,1
6045,1
6096,1
61,3
6112,1
6131,1
618,2
619,1
62,2
6220,1
6221,1
6231,1
624,1
6240,1
6245,1
625,1
626,3
6268,1
6379,1
639,1
6391,1
640,2
6429,1
6438,1
645,1
6505,1
6514,1
6515,1
652,3
6545,1
655,2
6569,1
658,2
659,2
660,1
6609,1
661,1
662,1
6628,1
6654,1
6656,1
6690,1
6704,1
6724,1
6732,1
676,2
681,2
6810,1
683,1
684,1
6895,1
6903,1
6908,1
6921,1
697,3
698,2
699,2
7,2
700,3
702,1
7027,1
704,2
7041,1
7066,1
7088,1
709,1
7099,1
71,2
7108,1
711,2
7123,1
716,2
718,3
72,1
7208,1
721,1
7238,1
7272,1
7281,1
729,1
736,2
7362,1
7363,1
738,1
739,2
7453,1
7468,1
748,1
7502,1
7572,1
7588,1
76,1
7609,1
7616,1
764,1
765,2
7695,1
772,2
7753,1
776,1
777,1
780,2
7807,1
782,1
7836,1
787,1
791,3
805,2
809,1
810,1
812,1
816,2
818,1
821,1
832,2
837,1
839,3
84,2
841,2
842,1
845,1
849,3
855,2
857,2
859,1
860,2
869,2
872,2
882,1
888,1
889,2
895,1
900,2
902,1
903,2
905,2
907,2
909,1
911,1
914,1
916,2
926,2
929,1
933,2
939,2
94,2
940,2
944,1
945,2
948,2
951,3
953,2
955,1
959,2
962,2
969,2
974,1
983,2
988,1
989,2
992,2
994,2
1007,1
1009,2
1024,1
104,2
1044,1
1056,2
1060,1
1062,1
1073,1
1077,1
110,2
1104,1
1107,1
1121,1
1125,1
1128,2
1155,1
1163,1
1165,1
1167,2
1181,1
1183,1
1198,2
12,2
1220,2
1238,2
1244,1
1250,2
1251,1
1252,2
1253,1
1257,2
1275,2
1278,2
1285,1
1287,2
1299,1
130,1
1308,2
131,2
1328,2
1333,1
1342,1
1383,1
1398,2
140,2
1411,2
1412,1
1418,1
1436,2
1440,1
1472,2
1474,2
150,1
1504,2
1506,1
1516,1
1521,2
1526,1
1531,2
1534,1
1546,1
1552,1
1570,2
1579,3
158,2
1586,2
1606,1
1608,2
1629,2
1635,1
165,2
1658,1
1670,1
1672,1
1675,1
1680,1
1687,2
1704,2
1717,1
1720,1
1733,1
1740,2
1757,1
1769,2
1797,1
1802,1
1803,1
1813,1
1816,2
1821,2
1824,1
1829,2
183,2
1830,1
1835,1
1836,2
184,1
1849,1
1878,1
1889,1
1892,1
1898,1
1901,1
1926,2
1941,2
1951,1
1953,1
1963,2
1981,1
1985,2
1986,2
2019,1
2027,1
2054,1
2064,1
2066,1
2070,1
210,1
211,2
2115,1
217,2
2178,1
2193,1
2221,1
2244,1
225,1
2311,1
2331,1
237,2
240,1
2401,1
2440,1
2453,1
2464,1
2474,1
2512,1
2519,1
2549,1
2605,1
2633,1
2665,1
2670,1
2679,1
2697,1
2705,1
2710,1
2714,1
2717,1
2735,1
2760,1
2766,1
2818,1
2823,1
2852,1
2857,1
2870,1
2909,1
2935,1
2938,1
2951,1
299,1
300,1
3040,1
3054,1
3061,1
3075,1
309,1
3120,1
313,2
3140,1
3157,1
3205,1
3209,1
3217,1
3231,1
3235,1
3242,1
3252,1
3333,1
3341,1
3354,1
3362,1
3386,1
340,2
3419,1
3424,1
3430,1
346,1
3464,1
3467,1
3468,1
3491,1
3497,1
3499,1
3506,1
3509,1
3523,1
3524,1
3528,1
354,1
3546,1
355,2
3553,1
3557,1
359,1
360,2
3601,1
3621,1
3622,1
3655,1
3664,1
3703,1
372,2
3748,1
3790,1
3797,1
3817,1
3837,1
3839,1
3850,1
3888,1
391,1
3931,1
3933,1
3961,1
3965,1
4004,1
401,2
4014,1
4018,1
4031,1
4038,1
4040,1
4048,1
4085,1
4091,1
4110,1
4111,1
4113,1
4115,1
4122,1
4161,1
4168,1
4190,1
4194,1
42,2
4202,1
421,1
4218,1
4249,1
4256,1
4260,1
4266,1
4278,1
4296,1
4305,1
431,2
4325,1
4328,1
4332,1
4389,1
4403,1
4426,1
4427,1
4443,1
4444,1
4455,1
4469,1
448,1
4493,1
4512,1
4523,1
4528,1
4534,1
4537,1
4555,1
4566,1
4584,1
4590,1
46,1
4601,1
461,1
4612,1
4616,1
4618,1
4641,1
4644,1
4668,1
4690,1
4702,1
4730,1
4742,1
4749,1
4751,1
4781,1
4785,1
4811,1
4816,1
4820,1
4834,1
4836,1
4858,1
4865,1
4880,1
4883,1
4884,1
4895,1
4903,1
4916,1
494,1
4940,1
4943,1
4954,1
5068,1
5073,1
5078,1
5154,1
5159,1
5174,1
5176,1
5184,1
5196,1
52,2
5203,1
5209,1
5212,1
5237,1
5239,1
5245,1
5246,1
5255,1
526,2
5260,1
5270,1
5277,1
5283,1
5284,1
5291,1
5326,1
5337,1
5343,1
5367,1
5403,1
5405,1
5410,1
5415,1
545,1
5451,1
5468,1
5499,1
551,1
5517,1
5521,1
5537,1
5595,1
5608,1
5613,1
5639,1
5641,1
5654,1
5676,1
5683,1
5687,1
5716,1
572,1
5741,1
5767,1
5782,1
5783,1
5786,1
5795,1
5808,1
5810,1
5813,1
5880,1
5881,1
592,1
5923,1
5929,1
5939,1
5962,1
5978,1
5983,1
6005,1
6010,1
6015,1
6021,1
6023,1
606,1
6077,1
6095,1
6100,1
6113,1
6117,1
6120,1
6125,1
6130,1
614,1
6148,1
6161,1
6162,1
6166,1
6175,1
6192,1
6213,1
6223,1
6229,1
6239,1
6246,1
6254,1
6261,1
6308,1
6332,1
6352,1
6356,1
6359,1
6365,1
6403,1
6413,1
6415,1
6446,1
6449,1
6464,1
6466,1
6467,1
6476,1
6492,1
6501,1
6506,1
651,2
6529,1
6531,1
6533,1
6558,1
6577,1
665,1
667,1
6671,1
6688,1
6702,1
6736,1
6754,1
6765,1
6782,1
6789,1
679,2
6790,1
6801,1
6802,1
6807,1
6811,1
6814,1
6822,1
6831,1
6852,1
6859,1
6872,1
6933,1
6989,1
6995,1
7003,1
7018,1
705,2
7061,1
708,2
7081,1
7083,1
7102,1
7103,1
7154,1
7161,1
7166,1
7167,1
7168,1
7196,1
7198,1
7227,1
7234,1
724,2
7265,1
7267,1
7280,1
7304,1
7306,1
7307,1
731,1
7341,1
7348,1
7373,1
7376,1
7391,1
7397,1
740,1
7400,1
7403,1
743,1
7447,1
7504,1
7537,1
7538,1
7544,1
7555,1
7563,1
759,2
7605,1
7620,1
7630,1
7632,1
7636,1
7640,1
7652,1
7658,1
7659,1
7664,1
7673,1
7691,1
7692,1
7699,1
770,1
7703,1
7729,1
7738,1
7747,1
7752,1
7754,1
778,2
7780,1
7791,1
781,2
7845,1
786,1
81,1
813,1
817,1
819,1
823,1
824,2
828,1
833,2
846,2
854,2
873,1
877,2
887,1
894,2
897,1
90,1
908,1
927,2
928,1
952,1
960,1
966,1
982,1
991,1
995,2
1,2
1079,1
1094,1
1130,1
1205,1
1223,2
125,1
1318,2
1392,2
1414,2
1492,1
1594,2
1603,1
1611,3
1640,2
1651,1
1705,2
179,1
1805,1
1839,1
1903,1
1909,2
1969,2
197,2
1996,1
2013,1
2063,1
2262,2
2267,1
2344,1
2383,1
2556,1
2774,1
2904,1
2926,1
2945,1
2997,1
3038,1
3072,1
3332,1
3395,1
3490,1
3495,1
3555,1
3629,1
3787,1
3803,1
387,1
4064,1
4246,1
4261,1
4289,1
4302,1
436,1
4391,1
4415,1
464,2
4649,1
4703,1
4825,1
4966,1
502,1
5051,1
507,1
5320,1
5324,1
5502,1
5661,1
5869,1
5933,1
5953,1
6143,1
615,1
627,2
6306,1
6430,1
649,3
6644,1
6748,1
6773,1
6829,1
6904,1
693,1
6982,1
7116,1
7240,1
7369,1
7498,1
7670,1
7813,1
7844,1
793,1
80,2
87,2
904,1
906,1
1028,1
1059,2
1103,2
1106,2
1109,2
1119,1
1158,2
1160,1
1174,2
1221,1
1242,1
1289,1
1379,2
1405,1
1470,1
157,2
1583,2
1643,2
1677,1
1734,1
1837,3
1888,1
1906,1
1945,1
1965,1
1983,1
2048,2
2216,1
2218,1
2246,1
2294,1
2361,1
2402,1
2424,1
2466,1
2502,1
2558,1
2576,1
2611,1
2675,1
2884,1
2917,1
295,1
2961,1
2963,1
2969,1
2982,1
2992,1
3039,1
307,2
3114,1
3126,1
3182,1
3237,1
3284,1
3309,1
3357,1
3383,1
3389,1
3391,1
3413,1
3421,1
3457,1
3472,1
3473,1
351,1
3517,1
3526,1
3538,1
3547,1
3556,1
3605,1
3618,1
3627,1
363,1
3631,1
3685,1
3692,1
3738,1
3771,1
3822,1
3831,1
3842,1
3862,1
389,1
3896,1
3969,1
4015,1
4019,1
4135,1
4189,1
4197,1
4219,1
4272,1
4279,1
4321,1
4357,1
4472,1
4492,1
4539,1
4543,1
4574,1
4592,1
4619,1
4650,1
4655,1
4700,1
4726,1
474,2
4791,1
4822,1
4835,1
4930,1
4981,1
5081,1
5094,1
5101,1
5141,1
5175,1
5253,1
5290,1
5334,1
5354,1
5398,1
5440,1
5466,1
5530,1
5540,1
5636,1
5638,1
5644,1
5645,1
5714,1
5764,1
5781,1
585,1
5889,1
5902,1
5934,1
5955,1
5973,1
598,1
6080,1
6098,1
6107,1
6152,1
6158,1
6179,1
6183,1
6252,1
6265,1
6302,1
6337,1
6349,1
6350,1
6372,1
6409,1
6417,1
6534,1
6618,1
663,2
6649,1
6680,1
6693,1
6695,1
6761,1
6824,1
6884,1
6937,1
6992,1
7012,1
7152,1
7173,1
7181,1
7187,1
7232,1
7255,1
7284,1
7299,1
7301,1
7317,1
7319,1
7404,1
742,1
7435,1
7454,1
7491,1
7615,1
7634,1
773,2
7772,1
7799,1
7826,1
7842,1
808,1
83,1
852,2
864,1
9,1
954,1
956,1
102,1
105,1
1097,3
112,2
1123,1
1134,1
1144,2
1151,1
1164,3
1194,2
1201,1
1262,1
1302,1
1309,2
1320,2
1339,2
1380,3
1382,1
1387,1
1391,1
1406,2
1424,1
143,1
1442,1
1447,1
1461,1
1478,1
1488,1
149,2
1505,2
1529,1
1540,2
1572,1
1581,2
1620,1
1632,1
1639,1
1644,2
1648,1
1654,1
1664,2
1711,2
1713,2
1723,1
1760,2
1766,1
1774,1
1781,1
1784,1
1791,2
185,2
1880,2
1890,2
1896,1
190,2
1914,1
1917,2
1924,1
193,2
2032,2
2055,2
2073,1
2095,1
2103,1
2164,1
218,2
2181,1
2197,1
2198,1
2212,1
222,1
2223,1
2228,1
2236,1
2238,1
2265,2
2291,1
2336,1
234,1
2342,1
2385,1
2406,1
2421,1
2469,2
2481,1
2523,1
2524,1
2561,1
257,1
2573,1
2590,1
2602,1
2604,1
2623,2
2627,1
2635,1
2655,1
2659,1
2680,1
2693,1
272,1
2725,1
274,1
2752,1
2754,1
2756,1
2790,1
2794,1
2798,1
28,1
2813,1
2814,1
2854,1
2856,1
2877,1
2880,1
2881,1
290,1
2914,1
2921,1
2927,1
293,1
2930,1
2949,1
2986,1
2987,1
3003,1
3005,1
3012,1
3021,1
3024,1
3034,1
3048,1
3059,1
3068,1
3085,1
3090,1
3092,1
3093,1
3118,1
3121,1
3129,1
3132,1
3142,1
3143,1
3164,1
3172,1
3187,1
3189,1
3194,1
3207,1
3216,1
3228,1
3234,1
3248,1
325,1
3262,1
3264,1
3281,1
3282,1
3301,1
3303,1
3320,1
3331,1
3335,1
3337,1
336,1
3366,1
3388,1
3398,1
3399,1
3403,1
3438,1
3439,1
3444,1
3449,1
3458,1
3466,1
3470,1
3471,1
3474,1
3484,1
3503,1
3522,1
3534,1
3545,1
3565,1
3578,1
3587,1
3603,1
3607,1
3624,1
3647,1
3650,1
3658,1
3669,1
3674,1
3684,1
3694,1
3710,1
3715,1
3721,1
3722,1
3730,1
3761,1
3764,1
3769,1
3799,1
3805,1
3806,1
3811,1
3813,1
3818,1
3825,1
3854,1
3878,1
3892,1
3909,1
3913,1
3921,1
3923,1
3925,1
3949,1
3963,1
3973,1
3992,1
4007,1
4027,1
4033,1
405,2
4065,1
4075,1
4079,1
408,1
4084,1
4087,1
4098,1
4101,1
4108,1
4127,1
4143,1
4157,1
4159,1
4205,1
4222,1
4227,1
4229,1
424,1
4241,1
4242,1
4265,1
4287,1
4310,1
4315,1
4330,1
4342,1
4397,1
4400,1
4401,1
4406,1
4408,1
4424,1
4425,1
4428,1
4431,1
4434,1
4436,1
4440,1
4449,1
4452,1
4467,1
4468,1
4476,1
449,1
4503,1
4529,1
454,2
4544,1
4550,1
458,3
4580,1
4586,1
4607,1
4633,1
4635,1
4651,1
4678,1
4717,1
4737,1
4739,1
4743,1
476,1
4763,1
4784,1
4786,1
4793,1
48,1
4806,1
4808,1
4815,1
4833,1
4844,1
4864,1
4871,1
4878,1
489,1
4890,1
4894,1
4898,1
4900,1
4905,1
4908,1
4909,1
4910,1
4955,1
4959,1
4963,1
4965,1
4968,1
4990,1
4992,1
4994,1
5002,1
5017,1
5018,1
5020,1
5026,1
5036,1
5044,1
5047,1
5059,1
5067,1
5069,1
5095,1
510,1
5122,1
5131,1
5138,1
5140,1
5148,1
5169,1
5177,1
5183,1
5185,1
5193,1
5197,1
5206,1
5207,1
5218,1
5249,1
5254,1
5285,1
5287,1
5298,1
5302,1
5307,1
5314,1
5317,1
5336,1
5346,1
5348,1
5352,1
5359,1
5361,1
5375,1
5378,1
5386,1
539,1
5395,1
5397,1
5408,1
5419,1
5424,1
5426,1
5439,1
5447,1
5464,1
5480,1
5496,1
5504,1
5511,1
5512,1
5532,1
5554,1
5559,1
5563,1
5574,1
5575,1
5580,1
5582,1
5585,1
5612,1
5622,1
5626,1
5655,1
5672,1
5689,1
5694,1
5702,1
5710,1
5742,1
5748,1
575,1
5759,1
576,2
5788,1
5816,1
5830,1
5837,1
5840,1
5851,1
5864,1
5868,1
5872,1
5884,1
5893,1
5899,1
5901,1
5905,1
5906,1
5908,1
591,2
5926,1
5928,1
5957,1
5965,1
5967,1
597,2
5975,1
5976,1
5992,1
5995,1
6035,1
6126,1
6128,1
613,1
6139,1
6164,1
6168,1
6190,1
6222,1
6224,1
6248,1
6271,1
6276,1
6278,1
6284,1
6288,1
6304,1
635,1
6387,1
6398,1
6400,1
6419,1
6421,1
6424,1
6432,1
6443,1
6454,1
6456,1
6458,1
6500,1
6509,1
653,1
6532,1
6537,1
6539,1
6542,1
6552,1
6557,1
6559,1
6572,1
6573,1
6591,1
6592,1
6625,1
6634,1
6660,1
6661,1
6677,1
6729,1
6740,1
6744,1
6759,1
6823,1
6827,1
6843,1
6846,1
6856,1
6883,1
6899,1
6915,1
6917,1
692,1
6936,1
6945,1
6950,1
6973,1
6974,1
6996,1
6998,1
7001,1
7008,1
7019,1
703,2
7030,1
7031,1
7032,1
7037,1
7050,1
7059,1
7098,1
7113,1
7122,1
7124,1
7132,1
7137,1
7141,1
7146,1
7151,1
7153,1
7162,1
7165,1
7171,1
7175,1
7193,1
7218,1
7226,1
7233,1
7241,1
725,1
7261,1
7278,1
7289,1
7318,1
7323,1
7326,1
7327,1
7338,1
7349,1
7356,1
7384,1
7395,1
74,1
7406,1
7412,1
7416,1
7422,1
7434,1
7460,1
7476,1
749,1
751,2
7527,1
7541,1
7551,1
7567,1
757,2
7576,1
758,2
7582,1
7589,1
7594,1
7626,1
7637,1
7639,1
7643,1
7655,1
7660,1
7678,1
768,1
7689,1
7710,1
7717,1
7735,1
7742,1
7766,1
7779,1
7783,1
7797,1
7800,1
7802,1
7814,1
7823,1
7831,1
7843,1
79,1
790,1
811,2
831,2
850,2
862,1
917,1
921,2
957,1
1014,1
1018,2
1116,1
1117,2
1129,1
1203,2
1217,1
1219,1
1248,1
1274,1
1282,1
1291,2
1314,1
1359,2
1377,1
1389,2
1477,2
1483,2
1573,1
1587,1
1590,1
1619,1
1682,1
17,1
1728,1
1825,1
1972,2
1992,1
2000,1
2154,1
2159,1
2194,1
2231,1
2237,1
2247,1
2274,2
2283,1
2332,1
2338,1
2441,1
2445,1
2487,1
2517,1
2575,1
2598,1
2616,1
262,1
2690,1
2695,1
2711,1
2733,1
2759,1
2769,1
2789,1
2796,1
2831,1
2849,1
2858,1
2894,1
2906,1
2908,1
2955,1
2967,1
3015,1
3030,1
3033,1
3035,1
3064,1
3095,1
312,1
3127,1
3128,1
3136,1
3188,1
3199,1
324,1
3243,1
3255,1
3272,1
3289,1
3308,1
3321,1
3345,1
3346,1
3374,1
3378,1
3387,1
3394,1
3401,1
3416,1
3422,1
3440,1
3443,1
3501,1
3531,1
3536,1
3558,1
3569,1
3573,1
3574,1
3588,1
3590,1
36,1
3606,1
361,1
3635,1
3644,1
3651,1
3671,1
3679,1
3689,1
3697,1
3702,1
3739,1
3772,1
3773,1
3779,1
3853,1
3884,1
3908,1
3944,1
3956,1
399,1
4020,1
4032,1
4049,1
407,1
4073,1
4080,1
4095,1
4119,1
4124,1
4147,1
4160,1
4177,1
4188,1
4220,1
4237,1
4276,1
429,1
4309,1
4326,1
4359,1
4369,1
4376,1
4409,1
4411,1
442,1
4477,1
4551,1
4578,1
4611,1
4629,1
4648,1
4675,1
4684,1
4705,1
4706,1
4716,1
4725,1
4735,1
4736,1
4740,1
4746,1
4760,1
4770,1
4797,1
4837,1
4857,1
4941,1
4945,1
4961,1
50,2
5007,1
5019,1
5075,1
5088,1
5089,1
5093,1
5104,1
5128,1
5144,1
5145,1
5149,1
5156,1
5217,1
5219,1
522,1
5227,1
523,1
5261,1
5282,1
5308,1
531,1
5327,1
5341,1
5360,1
5363,1
5396,1
5401,1
5414,1
5434,1
5448,1
5456,1
5461,1
5469,1
5473,1
5474,1
5483,1
5485,1
549,1
5518,1
5542,1
5581,1
5590,1
5603,1
5611,1
5619,1
5620,1
5635,1
5684,1
5700,1
5762,1
5766,1
5776,1
5785,1
5818,1
5819,1
5823,1
5834,1
5853,1
5898,1
5915,1
5916,1
5919,1
5988,1
6013,1
6029,1
6055,1
6057,1
6058,1
6069,1
6072,1
6132,1
6141,1
6150,1
6151,1
6188,1
6269,1
6270,1
6290,1
6305,1
6313,1
632,2
6334,1
6347,1
6369,1
6377,1
6394,1
6404,1
644,1
6442,1
646,1
6494,1
6495,1
6518,1
6525,1
6527,1
6536,1
6562,1
6579,1
6596,1
6601,1
6615,1
6621,1
6639,1
6650,1
6659,1
6662,1
6673,1
6716,1
6719,1
6774,1
6798,1
6833,1
6837,1
6838,1
6842,1
6850,1
6861,1
6897,1
6906,1
6912,1
6942,1
6964,1
6971,1
6979,1
6981,1
6997,1
7026,1
7056,1
7071,1
7075,1
7076,1
7101,1
7120,1
7176,1
7180,1
7215,1
7222,1
7248,1
7252,1
7271,1
7282,1
730,1
7311,1
7315,1
7346,1
7351,1
7357,1
7361,1
7365,1
7379,1
7408,1
7419,1
7432,1
7442,1
7451,1
7492,1
7495,1
7523,1
7536,1
7545,1
7553,1
7558,1
7586,1
7587,1
7596,1
7599,1
7642,1
7666,1
7669,1
7687,1
7688,1
7722,1
7776,1
7788,1
7809,1
7827,1
7835,1
871,2
88,1
884,2
910,1
975,2
976,1
987,1
1002,1
1003,1
101,1
1023,1
1025,1
103,2
1034,1
1041,1
1043,2
1071,1
1086,1
1087,2
11,1
1100,1
1112,1
1115,1
1127,1
1137,1
1146,1
1187,2
1189,1
1200,1
1212,1
1227,1
1229,1
1231,1
1235,2
1260,1
1267,2
1272,3
129,1
1306,2
1311,1
1331,1
1343,1
1347,1
1348,2
135,1
1358,1
1363,1
137,1
1395,2
141,1
1423,2
1425,1
1438,1
1456,2
1459,1
146,1
1462,1
1479,1
1480,1
1501,1
1503,1
151,1
1520,1
1522,1
1528,1
1532,1
1537,1
1543,1
1545,3
1549,1
155,1
1551,1
156,2
1567,2
1597,2
1598,1
1607,2
163,1
1636,1
1641,1
1653,1
1674,2
1678,2
1683,2
1693,2
1716,1
1744,1
175,1
1758,1
176,1
1764,1
177,1
1775,1
1786,1
1789,1
1792,2
18,1
1818,1
1848,1
1854,1
186,2
1873,1
1879,1
1884,1
1885,1
1886,2
1897,2
19,1
1902,1
1928,1
1949,1
1960,2
1961,1
1964,1
1967,1
1974,1
198,2
1982,1
1989,1
1993,2
1995,1
2002,2
2005,1
2009,1
2010,2
2033,1
2042,2
2043,1
2046,1
2047,1
2057,1
2068,1
2085,1
2098,1
2100,1
212,1
2122,1
2132,1
2162,1
2167,1
219,2
2208,1
2227,1
2324,1
2335,2
2347,1
2349,1
2405,1
2413,2
249,1
2516,1
258,1
2617,1
2629,1
263,1
264,1
2647,1
2664,1
2666,1
2686,1
270,1
271,2
2729,1
2730,1
2739,1
2755,1
2764,1
2780,1
2788,1
2807,1
2809,1
2816,1
2830,1
284,1
2853,1
2859,1
287,1
2872,1
2886,1
2912,1
2920,1
2934,1
2942,1
2943,1
2956,1
2960,1
2979,1
30,1
3001,1
3027,1
3045,1
3070,1
3077,1
3101,1
3123,1
3124,1
3134,1
3151,1
3154,1
3159,1
3163,1
317,1
3173,1
3175,1
3225,1
3257,1
3260,1
3266,1
327,1
3334,1
334,1
3355,1
3377,1
3408,1
3423,1
3426,1
3433,1
3447,1
3504,1
3507,1
3542,1
3543,1
3554,1
3559,1
3561,1
3576,1
3584,1
3585,1
3609,1
3610,1
3642,1
3648,1
3665,1
368,1
3690,1
3691,1
3720,1
3731,1
3734,1
3735,1
3740,1
3753,1
3755,1
3762,1
377,1
3770,1
3778,1
3788,1
3815,1
3816,1
3838,1
384,1
3843,1
3856,1
3857,1
386,1
3863,1
3864,1
3882,1
3895,1
3919,1
3935,1
3941,1
3954,1
3955,1
3958,1
396,1
3966,1
397,1
3974,1
3977,1
402,1
4030,1
4035,1
4055,1
4062,1
4077,1
4089,1
4090,1
41,1
4105,1
4123,1
4125,1
413,1
4142,1
4155,1
4179,1
4181,1
420,1
4207,1
4224,1
4232,1
4263,1
4295,1
4298,1
4307,1
4311,1
432,1
4368,1
437,1
4371,1
4374,1
4375,1
4379,1
44,2
4404,1
4410,1
4414,1
443,2
4432,1
444,1
446,1
4460,1
4504,1
4561,1
4572,1
4589,1
459,2
4608,1
4609,1
4625,1
4632,1
4647,1
4653,1
4673,1
4676,1
4685,1
4688,1
4689,1
4694,1
47,1
4701,1
471,1
4745,1
4799,1
4805,1
4807,1
4812,1
482,2
4906,1
4921,1
4937,1
4979,1
5005,1
5008,1
5011,1
5028,1
5029,1
5039,1
504,1
5046,1
508,1
5082,1
5103,1
5113,1
5115,1
5125,1
5142,1
5162,1
5170,1
5173,1
5192,1
5226,1
5234,1
5236,1
5250,1
5264,1
5288,1
5295,1
530,1
5309,1
5322,1
5340,1
5362,1
5368,1
5374,1
5391,1
5420,1
5430,1
548,1
552,1
5531,1
5545,1
5549,1
5550,1
5583,1
5596,1
5598,1
5628,1
563,2
5632,1
5637,1
565,1
5660,1
5670,1
57,1
5708,1
5721,1
5724,1
5735,1
5738,1
5754,1
5758,1
577,1
5773,1
5778,1
578,1
5780,1
5794,1
58,1
5801,1
582,1
5826,1
5833,1
5839,1
5841,1
5845,1
5846,1
5855,1
5857,1
5861,1
5879,1
589,2
5891,1
5896,1
5897,1
5935,1
5937,1
594,1
5943,1
5970,1
5979,1
6001,1
6018,1
602,1
6033,1
6041,1
6054,1
6078,1
6081,1
6101,1
611,1
6185,1
6194,1
620,1
6206,1
6209,1
6230,1
6236,1
6250,1
6253,1
6273,1
628,1
6289,1
6291,1
6299,1
6333,1
6342,1
6374,1
6390,1
64,1
6401,1
6423,1
643,2
6457,1
6472,1
6473,1
648,1
6482,1
6486,1
6498,1
650,1
6535,1
657,1
6584,1
6587,1
6590,1
6595,1
6599,1
6605,1
6623,1
6624,1
6626,1
6675,1
668,1
6685,1
6691,1
6692,1
672,1
6723,1
675,1
6753,1
6755,1
6768,1
6776,1
680,1
6809,1
6818,1
6819,1
682,1
6841,1
6854,1
687,1
69,2
690,1
6913,1
6918,1
696,1
6968,1
6972,1
7002,1
701,1
7016,1
7028,1
7035,1
7048,1
7051,1
7090,1
7104,1
7114,1
7119,1
712,1
7128,1
713,1
7135,1
7144,1
7169,1
7179,1
7192,1
720,1
7205,1
722,1
7239,1
7250,1
7283,1
7297,1
7308,1
7310,1
7324,1
7340,1
7345,1
7347,1
7364,1
7372,1
7374,1
7385,1
741,1
7421,1
7431,1
7440,1
7448,1
7456,1
7462,1
7489,1
7496,1
7505,1
7508,1
7521,1
7522,1
7540,1
7550,1
7552,1
7568,1
7573,1
7590,1
7608,1
7618,1
7619,1
7624,1
7625,1
7638,1
7645,1
7662,1
7684,1
7693,1
7708,1
774,1
7741,1
7759,1
7762,1
7789,1
7811,1
7820,1
7822,1
783,1
7832,1
785,1
789,1
792,1
794,1
797,1
8,1
806,1
826,1
836,1
840,1
86,1
861,1
865,1
870,1
879,1
886,1
89,1
890,1
892,1
899,1
920,1
937,1
947,1
96,1
972,1
979,1
98,2
990,1
1173,1
1224,1
1226,1
1385,1
1403,1
1494,1
1690,2
172,1
178,1
1819,1
1831,1
1913,1
1929,1
2089,1
2151,1
2200,1
2214,1
2226,1
2320,1
2343,1
2352,1
2358,1
2381,1
241,1
2410,1
2514,1
2571,2
2606,1
400,1
695,1
756,1
885,1
893,1
971,1
1037,1
108,1
1113,1
1157,2
1172,1
1197,1
1305,1
1327,1
1588,1
1610,1
1663,1
1706,1
1754,1
1804,1
1919,1
2079,1
2083,1
2173,1
2308,1
2326,1
2546,1
2607,1
2681,1
2699,1
2709,1
2746,1
2770,1
2782,1
2833,1
2944,1
2993,1
301,1
3017,1
3107,1
3200,1
3210,1
3358,1
3400,1
3487,1
3500,1
3515,1
3516,1
3683,1
37,1
3707,1
3708,1
3801,1
3819,1
3847,1
3858,1
3964,1
4017,1
406,1
4158,1
4170,1
4191,1
4274,1
4297,1
4299,1
4340,1
4429,1
4480,1
4485,1
4486,1
4557,1
4573,1
4630,1
467,1
4680,1
472,1
4729,1
4782,1
4838,1
4926,1
4952,1
4972,1
499,1
5027,1
5124,1
5166,1
5186,1
5257,1
5437,1
554,1
5587,1
5633,1
569,1
5793,1
5863,1
5964,1
5987,1
5989,1
6022,1
609,1
6105,1
6106,1
6111,1
6186,1
6258,1
6327,1
6375,1
6441,1
6463,1
6586,1
6588,1
6635,1
664,1
6751,1
6835,1
6874,1
6876,1
6929,1
6935,1
6947,1
6965,1
6999,1
7006,1
7011,1
7020,1
7073,1
7095,1
7185,1
7214,1
7259,1
7314,1
7367,1
7494,1
7685,1
7785,1
779,1
7818,1
883,1
930,1
1001,1
1070,1
1088,1
1171,1
1300,1
1364,1
1452,1
15,1
1523,1
1642,1
1669,1
1721,1
1749,1
1770,1
1851,1
1971,1
2127,1
2211,1
2281,1
2290,1
2353,1
236,1
2377,1
2480,1
2536,1
2631,1
2668,1
2721,1
2758,1
2952,1
2964,1
3131,1
3149,1
3186,1
3208,1
3211,1
3223,1
3259,1
3267,1
3304,1
3404,1
3427,1
3436,1
3450,1
3452,1
3518,1
3602,1
3765,1
3804,1
3836,1
3891,1
3901,1
3916,1
3970,1
4025,1
4081,1
4146,1
4150,1
4288,1
4291,1
4312,1
4322,1
4331,1
434,1
4417,1
4445,1
456,1
4617,1
4631,1
4657,1
4663,1
4824,1
4917,1
4969,1
5063,1
5102,1
5139,1
517,1
5213,1
5223,1
5310,1
5353,1
5366,1
5376,1
5452,1
5467,1
5471,1
5479,1
5528,1
5534,1
5572,1
5609,1
5664,1
5717,1
5719,1
5737,1
5820,1
5835,1
5848,1
5849,1
5887,1
6006,1
6032,1
6039,1
6195,1
6203,1
621,1
6286,1
631,1
6323,1
6324,1
6325,1
6376,1
6383,1
6418,1
6507,1
6508,1
6513,1
6648,1
6731,1
6817,1
6893,1
6940,1
6959,1
6975,1
6994,1
7138,1
7186,1
7242,1
7275,1
7276,1
7464,1
7470,1
7481,1
7614,1
7623,1
7654,1
7711,1
7793,1
7819,1
784,1
798,1
858,1
866,1
936,1
961,1
981,1
1988,1
203,1
2365,1
328,1
3732,1
3757,1
4419,1
5022,1
5313,1
5871,1
6050,1
6412,1
6783,1
7147,1
7778,1
